asset,side,entry_date,entry_px,exit_date,exit_px,exit_reason,return_net
SGD,short,1981-03-31 00:00:00,0.4782400765184122,1981-09-22 00:00:00,0.47058823529411764,signal:tstat_decay,0.008631034482758523
SGD,long,1981-09-23 00:00:00,0.4710315591144606,1982-01-29 00:00:00,0.48123195380173245,signal:tstat_decay,0.021355437921078045
SGD,short,1982-02-01 00:00:00,0.47915668423574503,1982-05-07 00:00:00,0.4807692307692307,signal:tstat_decay,-0.007515959328028392
SGD,long,1982-05-10 00:00:00,0.48053820278712156,1982-06-10 00:00:00,0.47014574518100616,stop,-0.021926704278326138
SGD,short,1982-06-14 00:00:00,0.4697040864255519,1982-12-13 00:00:00,0.4614674665436087,signal:tstat_decay,0.010109326947047866
SGD,long,1982-12-14 00:00:00,0.4618937644341801,1983-03-29 00:00:00,0.47675804529201427,signal:tstat_decay,0.03188116805721083
SGD,short,1983-03-30 00:00:00,0.4789272030651341,1983-04-01 00:00:00,0.47961630695443647,signal:tstat_decay,-0.0018537914495990657
SGD,short,1983-04-04 00:00:00,0.47881254488867614,1983-04-05 00:00:00,0.4780114722753346,signal:tstat_decay,0.0013155688885960622
SGD,short,1983-04-06 00:00:00,0.4733727810650888,1983-05-24 00:00:00,0.4777830864787387,signal:tstat_decay,-0.011570793174841224
SGD,long,1983-05-25 00:00:00,0.4780114722753346,1983-05-26 00:00:00,0.4780114722753346,signal:tstat_decay,-0.00030000000000000003
SGD,long,1983-05-27 00:00:00,0.4777830864787387,1983-05-31 00:00:00,0.47664442326024786,stop,-0.0026832221163012645
SGD,short,1983-06-06 00:00:00,0.4720320981826764,1983-10-20 00:00:00,0.4687133817670494,signal:tstat_decay,0.0012709306115632722
SGD,long,1983-10-21 00:00:00,0.46882325363338023,1984-05-31 00:00:00,0.47517224994060353,signal:tstat_decay,0.013242409123307397
SGD,short,1984-06-01 00:00:00,0.4769854519437158,1984-11-13 00:00:00,0.46663555762949144,signal:tstat_decay,0.014961771820575936
SGD,long,1984-11-14 00:00:00,0.4657661853749418,1984-11-23 00:00:00,0.4618937644341801,stop,-0.008614087759815347
SGD,short,1984-12-03 00:00:00,0.46051116739580933,1985-04-16 00:00:00,0.45495905368516837,signal:tstat_decay,0.006526529865185591
SGD,long,1985-04-17 00:00:00,0.4535147392290249,1985-06-21 00:00:00,0.4397537379067722,stop,-0.030643007915567212
SGD,short,1985-06-24 00:00:00,0.44622936189201245,1985-06-25 00:00:00,0.44593088071348935,signal:tstat_decay,0.0003114250567024398
SGD,short,1985-06-26 00:00:00,0.4452359750667854,1985-06-27 00:00:00,0.4464285714285714,signal:tstat_decay,-0.003036042692939124
SGD,short,1985-07-01 00:00:00,0.44883303411131054,1985-07-02 00:00:00,0.447527411053927,signal:tstat_decay,0.002551456907482695
SGD,short,1985-07-03 00:00:00,0.44732721986132856,1985-07-05 00:00:00,0.44832997085855186,signal:tstat_decay,-0.002599121118660576
SGD,short,1985-07-08 00:00:00,0.4485310607759588,1985-07-09 00:00:00,0.4504504504504504,stop,-0.004636750543646996
SGD,long,1985-07-16 00:00:00,0.4535147392290249,1985-08-20 00:00:00,0.44593088071348935,stop,-0.017022408026755954
SGD,short,1985-08-23 00:00:00,0.447527411053927,1985-09-17 00:00:00,0.4555808656036447,stop,-0.019214984421229195
SGD,long,1985-09-25 00:00:00,0.46285582041194173,1986-01-24 00:00:00,0.4689331770222744,signal:tstat_decay,0.012830128956623688
SGD,short,1986-01-27 00:00:00,0.469593801361822,1986-07-14 00:00:00,0.4558924093913837,signal:tstat_decay,0.022210447534381624
SGD,long,1986-07-15 00:00:00,0.4572473708276178,1986-10-22 00:00:00,0.4589261128958238,signal:tstat_decay,0.00337140890316664
SGD,short,1986-10-23 00:00:00,0.45766590389016015,1987-01-08 00:00:00,0.460617227084293,signal:tstat_decay,-0.009679675661938824
SGD,long,1987-01-09 00:00:00,0.461361014994233,1988-05-27 00:00:00,0.4955401387512389,signal:tstat_decay,0.07378325074331046
SGD,short,1988-05-31 00:00:00,0.4948045522018803,1988-10-06 00:00:00,0.49019607843137253,signal:tstat_decay,0.0038413116970927082
SGD,long,1988-10-07 00:00:00,0.49055678194751046,1989-03-28 00:00:00,0.5121638924455826,signal:tstat_decay,0.04374609475032006
SGD,short,1989-03-29 00:00:00,0.5109862033725089,1989-08-07 00:00:00,0.5116398055768739,signal:tstat_decay,-0.006808984571413714
SGD,long,1989-08-08 00:00:00,0.5122950819672131,1989-08-14 00:00:00,0.5105948429920858,stop,-0.0036188664794484567
SGD,long,1989-08-16 00:00:00,0.5109862033725089,1989-08-17 00:00:00,0.5099439061703213,stop,-0.0023397756246811615
SGD,short,1989-08-23 00:00:00,0.5089058524173028,1989-10-06 00:00:00,0.5077430820005078,signal:tstat_decay,0.00020323467359988578
SGD,short,1989-10-12 00:00:00,0.5078720162519045,1989-10-16 00:00:00,0.5121638924455826,stop,-0.008865646754087733
SGD,long,1989-10-17 00:00:00,0.5104645227156712,1990-04-02 00:00:00,0.5302226935312832,signal:tstat_decay,0.03840625662778382
SGD,short,1990-04-03 00:00:00,0.5306447333510215,1990-05-08 00:00:00,0.5349023803155925,stop,-0.009760317313929422
SGD,long,1990-05-09 00:00:00,0.5356186395286556,1990-05-10 00:00:00,0.5367686527106817,signal:tstat_decay,0.0018470746108427364
SGD,long,1990-05-11 00:00:00,0.5402485143165856,1991-01-03 00:00:00,0.573394495412844,signal:tstat_decay,0.061053211009174345
SGD,short,1991-01-04 00:00:00,0.5709391949757351,1991-02-05 00:00:00,0.5834305717619603,stop,-0.023385542992797763
SGD,long,1991-02-06 00:00:00,0.5842827928717499,1991-03-04 00:00:00,0.5763688760806917,stop,-0.013844668587896158
SGD,long,1991-03-05 00:00:00,0.5768676088837612,1991-03-06 00:00:00,0.572737686139748,stop,-0.0074592210767469354
SGD,short,1991-03-07 00:00:00,0.574052812858783,1991-07-09 00:00:00,0.5686664771111744,signal:tstat_decay,0.004140468136702054
SGD,long,1991-07-10 00:00:00,0.5680204487361545,1992-03-11 00:00:00,0.5968367651447329,signal:tstat_decay,0.05043112503730237
SGD,short,1992-03-12 00:00:00,0.5950609937518595,1992-05-14 00:00:00,0.6105006105006106,stop,-0.028775011578459984
SGD,long,1992-05-15 00:00:00,0.6097560975609756,1992-10-27 00:00:00,0.6183527083848628,signal:tstat_decay,0.013798441751174917
SGD,short,1992-10-28 00:00:00,0.6180469715698392,1993-03-19 00:00:00,0.6090133982947625,signal:tstat_decay,0.008799080179763764
SGD,long,1993-03-22 00:00:00,0.6090875867949811,1993-07-27 00:00:00,0.6182380216383307,signal:tstat_decay,0.014723183925811479
SGD,long,1993-07-28 00:00:00,0.6199628022318661,1993-11-19 00:00:00,0.6253908692933083,signal:tstat_decay,0.008455472170106415
SGD,short,1993-11-22 00:00:00,0.6259780907668232,1993-12-24 00:00:00,0.6273525721455457,signal:tstat_decay,-0.003817573082968934
SGD,short,1993-12-28 00:00:00,0.6253908692933083,1994-02-01 00:00:00,0.6309148264984227,stop,-0.010512117915805405
SGD,long,1994-02-04 00:00:00,0.6289308176100629,1994-02-07 00:00:00,0.6289308176100629,signal:tstat_decay,-0.00030000000000000003
SGD,long,1994-02-08 00:00:00,0.6295247088448221,1994-02-17 00:00:00,0.6285355122564426,signal:tstat_decay,-0.001871338780640974
SGD,long,1994-02-18 00:00:00,0.6292474200855777,1995-07-11 00:00:00,0.7127583749109052,signal:tstat_decay,0.13241560940841055
SGD,short,1995-07-12 00:00:00,0.7147962830593281,1995-07-17 00:00:00,0.7140307033202428,signal:tstat_decay,0.0005986322618768698
SGD,short,1995-07-18 00:00:00,0.71571714858288,1995-07-27 00:00:00,0.7171029042667623,stop,-0.0026384766920950495
SGD,short,1995-08-02 00:00:00,0.7155635062611807,1995-11-07 00:00:00,0.7074637424831978,signal:tstat_decay,0.007168845167087497
SGD,long,1995-11-08 00:00:00,0.7069136151562279,1996-01-04 00:00:00,0.6988120195667366,stop,-0.011760517120894353
SGD,short,1996-01-05 00:00:00,0.7024938531787847,1996-01-08 00:00:00,0.7012622720897616,signal:tstat_decay,0.001395684415856567
SGD,short,1996-01-09 00:00:00,0.7023951675212474,1996-01-10 00:00:00,0.702247191011236,signal:tstat_decay,-0.00014679710706456834
SGD,short,1996-01-11 00:00:00,0.7032348804500703,1996-01-12 00:00:00,0.7027406886858749,signal:tstat_decay,0.000345269424318105
SGD,short,1996-01-16 00:00:00,0.701508242721852,1996-01-31 00:00:00,0.7089684509039347,stop,-0.011566710671604781
SGD,short,1996-02-01 00:00:00,0.7042253521126761,1996-02-05 00:00:00,0.7081651441116069,stop,-0.0060094471672174
SGD,long,1996-02-14 00:00:00,0.7072135785007072,1996-03-27 00:00:00,0.7039774727208729,stop,-0.004875853572685751
SGD,long,1996-03-28 00:00:00,0.7104795737122558,1996-04-05 00:00:00,0.7064641469445426,stop,-0.005951713175556239
SGD,long,1996-04-08 00:00:00,0.711389343387636,1996-04-12 00:00:00,0.7084661707403471,stop,-0.004409103790294055
SGD,long,1996-04-17 00:00:00,0.7097232079488999,1996-04-23 00:00:00,0.7092198581560284,stop,-0.0010092198581558628
SGD,long,1996-04-24 00:00:00,0.7097232079488999,1996-05-22 00:00:00,0.7095721280068119,stop,-0.0005128716384018903
SGD,short,1996-05-24 00:00:00,0.7088176920895946,1996-05-28 00:00:00,0.7072135785007072,signal:tstat_decay,0.0019056121868344807
SGD,short,1996-05-30 00:00:00,0.7094714437743881,1996-05-31 00:00:00,0.7094714437743881,signal:tstat_decay,-0.0003574712643678161
SGD,short,1996-06-04 00:00:00,0.7092701610043266,1996-06-05 00:00:00,0.7092198581560284,signal:tstat_decay,-0.0002865492785522187
SGD,short,1996-06-06 00:00:00,0.7094211123723042,1996-06-07 00:00:00,0.7098743522396536,signal:tstat_decay,-0.0009963581813835624
SGD,short,1996-06-10 00:00:00,0.7097232079488999,1996-06-19 00:00:00,0.7107320540156361,stop,-0.002123762958606169
SGD,short,1996-06-20 00:00:00,0.7097232079488999,1996-06-27 00:00:00,0.7140307033202428,stop,-0.006656617300061327
SGD,short,1996-06-28 00:00:00,0.7084661707403471,1996-08-28 00:00:00,0.7112375533428166,stop,-0.006625599646833907
SGD,long,1996-08-29 00:00:00,0.7103281716152863,1996-10-16 00:00:00,0.7071635669330316,stop,-0.004755130471678115
SGD,short,1996-10-18 00:00:00,0.7069136151562279,1996-10-21 00:00:00,0.7068136839129205,signal:tstat_decay,-0.0002161085275852585
SGD,short,1996-10-22 00:00:00,0.7063643427279791,1996-10-30 00:00:00,0.7100759781296598,stop,-0.005899389824366351
SGD,long,1996-11-12 00:00:00,0.7137758743754461,1997-01-27 00:00:00,0.7102272727272728,signal:tstat_decay,-0.005271590909090717
SGD,short,1997-01-28 00:00:00,0.7089684509039347,1997-05-28 00:00:00,0.6993006993006994,signal:tstat_decay,0.008508777429466784
SGD,long,1997-05-29 00:00:00,0.6989097008666479,1997-07-14 00:00:00,0.6934812760055479,stop,-0.008066990291261933
SGD,short,1997-07-15 00:00:00,0.6928566479595372,1997-07-16 00:00:00,0.6901311249137336,signal:tstat_decay,0.003576276147640432
SGD,short,1997-07-17 00:00:00,0.6854009595613434,1998-02-20 00:00:00,0.6067961165048544,signal:tstat_decay,0.10587871889298062
SGD,long,1998-02-23 00:00:00,0.6045949214026602,1998-05-28 00:00:00,0.5968367651447329,signal:tstat_decay,-0.013131990450611785
SGD,short,1998-05-29 00:00:00,0.5968367651447329,1998-06-19 00:00:00,0.6222775357809583,stop,-0.043788080166512984
SGD,short,1998-06-22 00:00:00,0.6053268765133172,1998-09-29 00:00:00,0.5968367651447329,signal:tstat_decay,0.009702675475154089
SGD,long,1998-09-30 00:00:00,0.5923468783319512,1999-01-07 00:00:00,0.5983366241847663,signal:tstat_decay,0.009811888948722392
SGD,short,1999-01-08 00:00:00,0.5964807634953773,1999-05-06 00:00:00,0.5878894767783657,signal:tstat_decay,0.009390648502909028
SGD,long,1999-05-07 00:00:00,0.588754783632617,1999-05-19 00:00:00,0.5808887598024978,stop,-0.013660441475457563
SGD,short,1999-05-26 00:00:00,0.5775339301183945,1999-06-08 00:00:00,0.5840439201027917,stop,-0.01203181777292626
SGD,short,1999-06-10 00:00:00,0.5829204313611192,1999-06-11 00:00:00,0.5844535359438925,stop,-0.0029875121761154936
SGD,long,1999-06-18 00:00:00,0.5857201429157148,1999-09-23 00:00:00,0.5832604257801108,stop,-0.004499475065616687
SGD,short,1999-09-24 00:00:00,0.5842827928717499,1999-10-05 00:00:00,0.5963029218843172,stop,-0.021274749655583628
SGD,long,1999-10-18 00:00:00,0.5963740458015266,1999-12-10 00:00:00,0.5965875193890944,signal:tstat_decay,5.7952511633508025e-05
SGD,short,1999-12-13 00:00:00,0.5959475566150179,1999-12-16 00:00:00,0.5969080164746613,signal:tstat_decay,-0.0020840654375851855
SGD,short,1999-12-17 00:00:00,0.5972645284596548,1999-12-20 00:00:00,0.5988023952095809,stop,-0.002932321563769004
SGD,long,1999-12-24 00:00:00,0.5986231667165519,2000-01-14 00:00:00,0.5969436485195797,stop,-0.003105635148042107
SGD,short,2000-01-25 00:00:00,0.5928736586233473,2000-01-26 00:00:00,0.5899705014749262,signal:tstat_decay,0.004539283897873935
SGD,short,2000-01-27 00:00:00,0.5906674542232723,2000-08-10 00:00:00,0.5832604257801108,signal:tstat_decay,0.00436653593588154
SGD,long,2000-08-11 00:00:00,0.5836689429755443,2000-09-08 00:00:00,0.5756389592447616,stop,-0.014057771125950002
SGD,short,2000-09-11 00:00:00,0.5753739930955121,2000-12-18 00:00:00,0.5756058251309503,signal:tstat_decay,-0.004610970054603065
SGD,long,2000-12-19 00:00:00,0.5755395683453237,2001-01-26 00:00:00,0.5714285714285714,stop,-0.007442857142857117
SGD,short,2001-01-30 00:00:00,0.572737686139748,2001-01-31 00:00:00,0.5734602592040372,signal:tstat_decay,-0.0016190838346167428
SGD,short,2001-02-05 00:00:00,0.5742835812324125,2001-02-16 00:00:00,0.5751754285056943,stop,-0.0023702150362758397
SGD,short,2001-02-20 00:00:00,0.5747126436781609,2001-08-02 00:00:00,0.5613247263541958,signal:tstat_decay,0.016385780741400277
SGD,long,2001-08-03 00:00:00,0.5629996622002027,2001-10-11 00:00:00,0.5497526113249038,stop,-0.02382941176470591
SGD,short,2001-10-12 00:00:00,0.5497526113249038,2002-02-20 00:00:00,0.5467468562055768,signal:tstat_decay,0.00016746856205582163
SGD,long,2002-02-21 00:00:00,0.5460601758313767,2002-02-27 00:00:00,0.5443658138268916,stop,-0.003402885138813405
SGD,long,2002-02-28 00:00:00,0.546000546000546,2002-03-25 00:00:00,0.5436259853220984,stop,-0.004649007882576861
SGD,short,2002-03-29 00:00:00,0.5427408412483039,2002-04-17 00:00:00,0.5468365505550391,stop,-0.008593470834441164
SGD,long,2002-04-19 00:00:00,0.5487871803314675,2002-09-24 00:00:00,0.5615453728661276,signal:tstat_decay,0.02294797843665771
SGD,short,2002-09-25 00:00:00,0.5606009642336585,2002-11-07 00:00:00,0.5668934240362812,signal:tstat_decay,-0.013248627726952874
SGD,long,2002-11-08 00:00:00,0.5685048322910745,2002-12-05 00:00:00,0.5630630630630631,stop,-0.009872072072072113
SGD,long,2002-12-06 00:00:00,0.565866908103214,2003-03-21 00:00:00,0.5645571049511657,signal:tstat_decay,-0.002614684130299782
SGD,short,2003-03-24 00:00:00,0.5663155510250312,2003-05-06 00:00:00,0.5737234652897303,stop,-0.015162504204007951
SGD,long,2003-05-13 00:00:00,0.5767012687427913,2003-05-14 00:00:00,0.5782017924255565,signal:tstat_decay,0.002301908065914982
SGD,long,2003-05-15 00:00:00,0.5822416302765647,2003-07-09 00:00:00,0.5731644408780879,signal:tstat_decay,-0.01589007279188385
SGD,short,2003-07-10 00:00:00,0.570645971239443,2003-08-21 00:00:00,0.5752085130859937,stop,-0.010019536262929925
SGD,short,2003-08-26 00:00:00,0.5696707303178763,2003-09-11 00:00:00,0.5711022272986865,stop,-0.0034450337081603243
SGD,short,2003-09-15 00:00:00,0.5694760820045558,2003-09-16 00:00:00,0.5708414202534536,stop,-0.002755005229432407
SGD,long,2003-09-23 00:00:00,0.5774005427565102,2003-09-24 00:00:00,0.5762028233938347,signal:tstat_decay,-0.0023743301642177635
SGD,long,2003-09-25 00:00:00,0.5764353239566521,2003-09-26 00:00:00,0.5782017924255565,signal:tstat_decay,0.0027644694998553935
SGD,long,2003-09-29 00:00:00,0.5778676683039584,2004-03-10 00:00:00,0.5832604257801108,signal:tstat_decay,0.009032166812481724
SGD,short,2004-03-11 00:00:00,0.5839416058394161,2004-03-16 00:00:00,0.5878894767783657,signal:tstat_decay,-0.00723314277605444
SGD,short,2004-03-17 00:00:00,0.5883391186680003,2004-03-18 00:00:00,0.5923117929277972,stop,-0.007109825703744644
SGD,long,2004-03-25 00:00:00,0.5917860101787193,2004-04-22 00:00:00,0.5882352941176471,stop,-0.006299999999999894
SGD,short,2004-04-29 00:00:00,0.5865446653762684,2004-05-05 00:00:00,0.5933661662611998,stop,-0.012159861916190846
SGD,short,2004-05-07 00:00:00,0.587406015037594,2004-08-20 00:00:00,0.5853772756541591,signal:tstat_decay,-0.0010416763724909557
SGD,long,2004-08-23 00:00:00,0.5850690381465012,2004-08-26 00:00:00,0.5830903790087463,stop,-0.003681924198250785
SGD,long,2004-08-27 00:00:00,0.5838393274170948,2004-08-30 00:00:00,0.5829204313611192,stop,-0.0018738851646750484
SGD,long,2004-08-31 00:00:00,0.5844535359438925,2005-03-30 00:00:00,0.6059137178865729,signal:tstat_decay,0.03641837130392608
SGD,short,2005-03-31 00:00:00,0.605766900896535,2005-04-29 00:00:00,0.6121074860745547,stop,-0.011973934563599123
SGD,long,2005-05-05 00:00:00,0.6110975311659741,2005-05-06 00:00:00,0.6093102607847917,stop,-0.003224689251766921
SGD,short,2005-05-16 00:00:00,0.6036824630244491,2005-08-04 00:00:00,0.6053268765133172,signal:tstat_decay,-0.006242361748907795
SGD,long,2005-08-05 00:00:00,0.6045218232378189,2005-08-29 00:00:00,0.5950255861002023,stop,-0.016008675473045332
SGD,short,2005-08-30 00:00:00,0.5931198102016607,2005-12-09 00:00:00,0.5945303210463734,signal:tstat_decay,-0.0066436385255648845
SGD,long,2005-12-12 00:00:00,0.5952380952380952,2006-06-29 00:00:00,0.6267627702914447,signal:tstat_decay,0.052661454089627045
SGD,short,2006-07-03 00:00:00,0.6309546343617894,2006-07-05 00:00:00,0.6306363120388472,signal:tstat_decay,0.00014703778526335825
SGD,short,2006-07-12 00:00:00,0.6312334301224592,2006-07-13 00:00:00,0.6315124723713293,signal:tstat_decay,-0.0007995299950277605
SGD,short,2006-07-14 00:00:00,0.6292870178088226,2006-07-17 00:00:00,0.6273525721455457,signal:tstat_decay,0.002716556339145347
SGD,short,2006-07-18 00:00:00,0.6277463904582549,2006-07-19 00:00:00,0.6289308176100629,signal:tstat_decay,-0.0022442637171978933
SGD,short,2006-07-20 00:00:00,0.6308352258390109,2006-07-21 00:00:00,0.6319914049168931,stop,-0.002190246338626646
SGD,short,2006-07-24 00:00:00,0.6300800201625607,2006-07-25 00:00:00,0.6300403225806451,signal:tstat_decay,-0.00029446723210958684
SGD,long,2006-08-01 00:00:00,0.6325110689437066,2006-09-18 00:00:00,0.6298022420959818,stop,-0.00458265524625282
SGD,short,2006-09-25 00:00:00,0.6305170239596469,2006-09-26 00:00:00,0.6293266205160478,signal:tstat_decay,0.0015305085971803896
SGD,short,2006-09-27 00:00:00,0.6298419096806702,2006-10-17 00:00:00,0.6339144215530904,stop,-0.007513053536623115
SGD,long,2006-10-24 00:00:00,0.6352029473416757,2007-06-01 00:00:00,0.6530825496342738,signal:tstat_decay,0.027847857889237125
SGD,short,2007-06-04 00:00:00,0.6535947712418301,2007-07-10 00:00:00,0.6595000989250148,stop,-0.010771932964468066
SGD,long,2007-07-11 00:00:00,0.6599788806758183,2007-08-15 00:00:00,0.6526989099928203,stop,-0.011330611578878635
SGD,short,2007-08-20 00:00:00,0.6549217368524461,2007-08-24 00:00:00,0.6574621959237344,stop,-0.004408912013421369
SGD,short,2007-08-28 00:00:00,0.6554368486596316,2007-08-29 00:00:00,0.657030223390276,stop,-0.0027884830909118545
SGD,short,2007-08-30 00:00:00,0.6565988181221274,2007-09-11 00:00:00,0.6580246101204185,stop,-0.0029312513283398034
SGD,long,2007-09-14 00:00:00,0.6615944426066821,2008-08-05 00:00:00,0.7247952453431906,signal:tstat_decay,0.09522801333623263
SGD,short,2008-08-06 00:00:00,0.7235366471311772,2008-12-29 00:00:00,0.6958942240779401,signal:tstat_decay,0.03227240899383296
SGD,long,2008-12-30 00:00:00,0.6957973838018369,2009-01-15 00:00:00,0.6679134384183809,stop,-0.04037480630510285
SGD,short,2009-01-16 00:00:00,0.6710508656556167,2009-04-20 00:00:00,0.6628222973420826,signal:tstat_decay,0.008284051581288143
SGD,long,2009-04-21 00:00:00,0.6646284726837698,2009-12-29 00:00:00,0.7119971520113919,signal:tstat_decay,0.0709709149163402
SGD,short,2009-12-30 00:00:00,0.7118451025056948,2010-01-04 00:00:00,0.7157683773530885,signal:tstat_decay,-0.005926359034354337
SGD,short,2010-01-05 00:00:00,0.7165376898824879,2010-01-06 00:00:00,0.7171029042667623,signal:tstat_decay,-0.001146284459061188
SGD,short,2010-01-07 00:00:00,0.7157683773530885,2010-01-08 00:00:00,0.7173086579155011,signal:tstat_decay,-0.0025093972381143984
SGD,long,2010-01-15 00:00:00,0.7189072609633357,2010-01-20 00:00:00,0.7139797229758674,stop,-0.007154205340568353
SGD,short,2010-01-25 00:00:00,0.7145409074669525,2010-03-15 00:00:00,0.7152564194263644,signal:tstat_decay,-0.0032553819757026345
SGD,long,2010-03-16 00:00:00,0.7168972686214066,2010-03-24 00:00:00,0.7114905727499111,stop,-0.007841800071149018
SGD,long,2010-03-26 00:00:00,0.7126060001425212,2010-05-20 00:00:00,0.7092198581560284,stop,-0.005051773049645358
SGD,short,2010-05-21 00:00:00,0.7102272727272728,2010-05-24 00:00:00,0.7114905727499111,signal:tstat_decay,-0.002136197696242527
SGD,short,2010-05-25 00:00:00,0.7048706562345809,2010-05-26 00:00:00,0.7103281716152863,signal:tstat_decay,-0.008100048334974587
SGD,short,2010-05-27 00:00:00,0.7133176403452458,2010-06-18 00:00:00,0.7222824124232574,stop,-0.013729782941681649
SGD,long,2010-06-23 00:00:00,0.7211885186787826,2010-06-24 00:00:00,0.7180812868016659,stop,-0.00460848772081005
SGD,long,2010-06-25 00:00:00,0.7198905766323519,2010-06-29 00:00:00,0.7136739937196689,stop,-0.008935455324008001
SGD,long,2010-07-06 00:00:00,0.7217090069284064,2011-09-20 00:00:00,0.794912559618442,signal:tstat_decay,0.10113084260731317
SGD,short,2011-09-21 00:00:00,0.7849293563579278,2012-01-24 00:00:00,0.7878358150161505,signal:tstat_decay,-0.008772943273104516
SGD,long,2012-01-25 00:00:00,0.7874015748031495,2012-05-21 00:00:00,0.7858546168958743,signal:tstat_decay,-0.0022646365422395506
SGD,short,2012-05-22 00:00:00,0.7879599716334411,2012-07-19 00:00:00,0.7978935609989627,stop,-0.0152055688384961
SGD,long,2012-07-20 00:00:00,0.7964319847085058,2013-01-15 00:00:00,0.8161266628580756,signal:tstat_decay,0.024428637884599667
SGD,short,2013-01-16 00:00:00,0.8175277959450621,2013-04-22 00:00:00,0.8063215610385422,signal:tstat_decay,0.009614363089379227
SGD,long,2013-04-23 00:00:00,0.8054772452678212,2013-04-24 00:00:00,0.804246421103426,stop,-0.001828068200096544
SGD,long,2013-04-25 00:00:00,0.8069071249899136,2013-04-26 00:00:00,0.8087997411840828,signal:tstat_decay,0.002045519249433936
SGD,long,2013-04-29 00:00:00,0.8104384471999352,2013-04-30 00:00:00,0.8116883116883117,signal:tstat_decay,0.001242207792207817
SGD,long,2013-05-01 00:00:00,0.8109642364771713,2013-05-14 00:00:00,0.8048289738430584,stop,-0.007865392354124567
SGD,short,2013-05-22 00:00:00,0.7897022822395957,2013-09-19 00:00:00,0.8019889325527308,signal:tstat_decay,-0.020628700234051722
SGD,long,2013-09-20 00:00:00,0.7993605115907275,2013-12-03 00:00:00,0.7980209081477934,signal:tstat_decay,-0.001975843907110619
SGD,short,2013-12-04 00:00:00,0.7963685593692761,2013-12-11 00:00:00,0.7993605115907275,signal:tstat_decay,-0.004344350726315713
SGD,short,2013-12-12 00:00:00,0.7963051441312311,2014-04-04 00:00:00,0.7939028262940616,signal:tstat_decay,-0.0017084566164044081
SGD,long,2014-04-07 00:00:00,0.7935248373274083,2014-08-13 00:00:00,0.8003201280512204,signal:tstat_decay,0.008263425370148092
SGD,short,2014-08-21 00:00:00,0.8004482510205715,2014-08-22 00:00:00,0.8005764150188135,signal:tstat_decay,-0.0005175865473715639
SGD,short,2014-08-25 00:00:00,0.7998720204767238,2014-08-26 00:00:00,0.8001920460910619,signal:tstat_decay,-0.000757567287413287
SGD,short,2014-08-27 00:00:00,0.8019246190858058,2014-08-28 00:00:00,0.800768737988469,signal:tstat_decay,0.0010839124640111704
SGD,short,2014-08-29 00:00:00,0.8009611533840609,2015-04-27 00:00:00,0.7532389273877674,signal:tstat_decay,0.04997085432878618
SGD,long,2015-04-28 00:00:00,0.7587253414264036,2015-07-15 00:00:00,0.7319572536963841,stop,-0.03558033962816568
SGD,short,2015-07-16 00:00:00,0.732493407559332,2015-12-08 00:00:00,0.7098743522396536,signal:tstat_decay,0.024889879150011167
SGD,long,2015-12-09 00:00:00,0.7118451025056948,2015-12-11 00:00:00,0.708215297450425,stop,-0.005399150141642972
SGD,short,2015-12-17 00:00:00,0.7033832735457551,2015-12-22 00:00:00,0.7124029351000927,stop,-0.013295666624905195
SGD,short,2015-12-23 00:00:00,0.7109847138286527,2015-12-24 00:00:00,0.7118957784580338,stop,-0.001638883665592185
SGD,short,2015-12-28 00:00:00,0.710277718587968,2016-02-04 00:00:00,0.7166917508779475,stop,-0.0108245689346253
SGD,long,2016-02-08 00:00:00,0.7129108148570613,2016-02-09 00:00:00,0.7158196134574087,signal:tstat_decay,0.003780171796707388
SGD,long,2016-02-10 00:00:00,0.7172057663343613,2016-05-25 00:00:00,0.7250054375407816,signal:tstat_decay,0.010575081563111788
SGD,short,2016-05-26 00:00:00,0.7280139778683751,2016-05-27 00:00:00,0.7273785277858598,signal:tstat_decay,0.0005153829689752295
SGD,short,2016-05-31 00:00:00,0.7257947452460445,2016-06-03 00:00:00,0.7357810315650063,stop,-0.014231519083369143
SGD,long,2016-06-14 00:00:00,0.7380073800738007,2016-06-27 00:00:00,0.733998825601879,stop,-0.00573159130945392
SGD,long,2016-06-28 00:00:00,0.737571913261543,2016-07-25 00:00:00,0.7340527049842178,stop,-0.005071342582397531
SGD,long,2016-07-28 00:00:00,0.7393715341959335,2016-08-29 00:00:00,0.7351860020585208,stop,-0.0059609322158506225
SGD,short,2016-08-30 00:00:00,0.7332453438920663,2016-08-31 00:00:00,0.7336757153338225,signal:tstat_decay,-0.0009444118366349744
SGD,short,2016-09-01 00:00:00,0.7356727727506805,2016-09-02 00:00:00,0.7356186552890982,signal:tstat_decay,-0.00028390939883894553
SGD,short,2016-09-09 00:00:00,0.7357268981753973,2016-09-12 00:00:00,0.7357810315650063,signal:tstat_decay,-0.00043104936752448456
SGD,short,2016-09-13 00:00:00,0.7320644216691068,2017-02-07 00:00:00,0.7060650992021464,signal:tstat_decay,0.029582890581821814
SGD,long,2017-02-08 00:00:00,0.7067637288854336,2017-02-13 00:00:00,0.7024938531787847,signal:tstat_decay,-0.006341447137337563
SGD,long,2017-02-14 00:00:00,0.7040270346381301,2017-11-02 00:00:00,0.7357810315650063,signal:tstat_decay,0.04480337723493496
SGD,short,2017-11-03 00:00:00,0.7333528894103843,2017-11-17 00:00:00,0.738606987222099,stop,-0.007981729155364508
SGD,short,2017-11-20 00:00:00,0.7368110816386678,2017-11-21 00:00:00,0.7386615452799528,stop,-0.0028689205183197856
SGD,long,2017-11-24 00:00:00,0.7434944237918216,2018-05-03 00:00:00,0.7502438292445045,signal:tstat_decay,0.008777950333858498
SGD,short,2018-05-04 00:00:00,0.7499062617172854,2018-12-07 00:00:00,0.7298737318443909,signal:tstat_decay,0.01790763145906804
SGD,long,2018-12-10 00:00:00,0.7279079924297569,2018-12-14 00:00:00,0.7263746640517179,stop,-0.002406486525749962
SGD,long,2018-12-17 00:00:00,0.7279079924297569,2019-04-30 00:00:00,0.7345919341805627,signal:tstat_decay,0.00888239917725705
SGD,short,2019-05-01 00:00:00,0.7360518180479906,2019-06-24 00:00:00,0.7387161113983897,stop,-0.006046145727461479
SGD,long,2019-06-26 00:00:00,0.7392622163081245,2019-06-27 00:00:00,0.7388798581350673,signal:tstat_decay,-0.0008172159006945343
SGD,long,2019-06-28 00:00:00,0.7389344565137073,2019-07-25 00:00:00,0.7317430118542367,stop,-0.010032182057661465
SGD,short,2019-07-30 00:00:00,0.7293414047115455,2019-10-18 00:00:00,0.7328691828508611,stop,-0.008355327411413423
SGD,long,2019-10-21 00:00:00,0.7346998751010212,2020-02-05 00:00:00,0.7239556939115326,stop,-0.014923905017012939
SGD,short,2020-02-06 00:00:00,0.7217610970768675,2020-06-05 00:00:00,0.7184940364994971,signal:tstat_decay,-0.0006010737769497126
SGD,long,2020-06-08 00:00:00,0.7196833393306945,2021-03-17 00:00:00,0.7423904974016333,signal:tstat_decay,0.03125159613956959
SGD,short,2021-03-18 00:00:00,0.7447125409591897,2021-04-20 00:00:00,0.7527286413248024,stop,-0.012385858651404631
SGD,long,2021-04-21 00:00:00,0.7528419784687194,2021-05-04 00:00:00,0.747887218607434,stop,-0.006881407523745364
SGD,long,2021-05-05 00:00:00,0.7488953793155096,2021-06-17 00:00:00,0.7447680047665153,stop,-0.0058112832352721685
SGD,short,2021-06-23 00:00:00,0.7439369141496801,2021-06-24 00:00:00,0.744213738185607,signal:tstat_decay,-0.0007295781334607635
SGD,short,2021-06-25 00:00:00,0.7451009611802398,2021-09-15 00:00:00,0.7454342154304883,signal:tstat_decay,-0.003965651333856177
SGD,long,2021-09-16 00:00:00,0.7432733759476736,2021-09-17 00:00:00,0.7418947993174567,signal:tstat_decay,-0.00215473699829386
SGD,long,2021-09-20 00:00:00,0.7399733609590056,2021-09-21 00:00:00,0.7394808844191377,signal:tstat_decay,-0.0009655327959773638
SGD,long,2021-09-22 00:00:00,0.740521327014218,2021-09-23 00:00:00,0.7416747014759326,signal:tstat_decay,0.0012575168730994627
SGD,short,2021-09-30 00:00:00,0.7363770250368188,2021-10-14 00:00:00,0.7415647015202076,stop,-0.007862106043752442
SGD,long,2021-10-22 00:00:00,0.7412348973389667,2021-11-10 00:00:00,0.7399186089530152,stop,-0.00207580466148719
SGD,short,2021-11-16 00:00:00,0.737354372511429,2022-01-12 00:00:00,0.742555877329769,stop,-0.009538188880609786
SGD,long,2022-01-13 00:00:00,0.743549706297866,2022-03-04 00:00:00,0.7348078477478139,stop,-0.012056925563965015
SGD,short,2022-03-07 00:00:00,0.7343222205903951,2022-08-02 00:00:00,0.7246376811594204,signal:tstat_decay,0.006968865567216286
SGD,long,2022-08-03 00:00:00,0.7236937328122739,2022-08-19 00:00:00,0.7185972980741593,stop,-0.007342253521126751
SGD,short,2022-08-30 00:00:00,0.7154099298898269,2022-11-10 00:00:00,0.7216569242981887,stop,-0.011905612002398933
SGD,long,2022-11-14 00:00:00,0.7283321194464676,2023-03-07 00:00:00,0.7393715341959335,signal:tstat_decay,0.014857116451016695
SGD,short,2023-03-08 00:00:00,0.7392075694855116,2023-03-23 00:00:00,0.7550588945937783,stop,-0.02237585651450927
SGD,long,2023-03-30 00:00:00,0.7528986598403855,2023-04-10 00:00:00,0.7496813854112002,stop,-0.004573183896843946
SGD,long,2023-04-11 00:00:00,0.7503001200480193,2023-04-21 00:00:00,0.7490075649764063,stop,-0.002022717399445739
SGD,long,2023-04-24 00:00:00,0.749232037161909,2023-04-25 00:00:00,0.7468817686160281,stop,-0.0034369034281872875
SGD,long,2023-04-26 00:00:00,0.7496251874062968,2023-05-12 00:00:00,0.7476076555023924,stop,-0.002991387559808467
SGD,short,2023-05-23 00:00:00,0.742555877329769,2023-07-12 00:00:00,0.7520493344363389,stop,-0.01498139040955562
SGD,long,2023-07-18 00:00:00,0.7563724377883669,2023-07-19 00:00:00,0.7543753771876887,signal:tstat_decay,-0.0029403138201567255
SGD,long,2023-07-20 00:00:00,0.7534091765237702,2023-08-08 00:00:00,0.7417847340701728,stop,-0.015729122468659797
SGD,short,2023-08-09 00:00:00,0.7425007425007425,2023-11-20 00:00:00,0.7472724555372888,stop,-0.010749531623367824
